-0.34733923722 -0.394588474313 -0.303978417538 -0.469474886423 -0.342818665507 -0.11514762453 -0.479541609492 -0.214246883361 0.0648100902434 
0.00998033372813 0.276761678781 0.446043453935 0.00634700037674 0.318701998217 0.515777559701 0.052322019165 0.338781627122 0.489081056228 
0.51794712955 0.503891561015 0.268257562143 0.486225041915 0.258828131388 -0.0250963632966 0.251289612463 -0.0758444162785 -0.181456553575 
0.298413170638 0.186243914638 0.0676396739622 0.371323271575 0.357638361968 0.22457315862 0.485778418085 0.489356039623 0.28287520186 
0.0288180040653 -0.373844363414 -0.448032204651 0.136434809631 -0.342901149389 -0.481983786706 0.170479242551 -0.267469106559 -0.435396528348 
-0.370183670382 -0.060956212958 0.3600915249 -0.396163092405 0.0121024825772 0.474521482326 -0.32085727232 0.0872279021728 0.486582043241 
0.101053750102 0.316572134461 0.402297584449 0.15371366938 0.378307528955 0.44216545945 0.189637662227 0.39583905121 0.415717581144 
-0.275208500357 -0.337073697804 -0.367068057062 -0.263087262781 -0.358257083211 -0.412503336645 -0.276882993547 -0.328876007083 -0.351222118698 
-0.123428086595 -0.00425326426279 0.226266841694 0.107244260392 0.304317555683 0.397635870152 0.495369174503 0.543523556143 0.3612720126 
-0.306192835557 -0.329700910116 -0.338075053317 -0.315806825524 -0.343298494604 -0.345142732151 -0.315649428496 -0.351802076151 -0.350910159658 
-0.354884848317 -0.329984269794 -0.300590860309 -0.339338288583 -0.339368949002 -0.326720014773 -0.333735636823 -0.341338988876 -0.331440423774 
0.383777161679 0.0992723670029 -0.18836709015 0.57056533508 0.276185175157 -0.140168708455 0.536802899003 0.304444275232 -0.0711613530696 
-0.530435762813 -0.41215191334 -0.012578788705 -0.546894901578 -0.311001130169 0.174067249625 -0.292037617151 -0.133228825396 0.139497105546 
-0.401287354383 0.0501815946463 0.526813907549 -0.426223930479 -0.132735347429 0.336604478487 -0.375962719201 -0.323196762912 0.0229166640325 
0.143256484339 -0.061612660057 -0.359550563984 -0.0890193970383 -0.334699304305 -0.486984320025 -0.299924313259 -0.454289585343 -0.439282853543 
0.37678681773 0.411832189291 0.202935029448 0.42066618405 0.412836320816 0.147332132238 0.403997600732 0.332607393283 0.0655816501114 
-0.255918595754 -0.515378947571 -0.52172852398 -0.258315403681 -0.391735092118 -0.352563654161 -0.163734481498 -0.128489617401 -0.0942689630297 
0.408872708959 0.534356071015 0.492534495649 0.398936015959 0.279391312636 0.16026405478 0.135201175573 0.0552976404871 0.143056853223 
-0.330579826 -0.338289834745 -0.322390744018 -0.338312740587 -0.34385522317 -0.324054097991 -0.334460660364 -0.343579865714 -0.323615719175 
0.538805917957 0.231764528528 -0.146100301754 0.544624607289 0.184760846206 -0.191730794767 0.464464013445 0.121441858214 -0.191415548972 
0.639886365055 0.393782834284 -0.054285241612 0.487976271651 0.169530041311 -0.159489073415 0.345833383748 0.0981234481513 -0.104912583853 
-0.261358739879 0.038255872361 0.476164238267 -0.27260581408 0.0832737778593 0.538761248835 -0.233543486045 0.113296994361 0.514397522849 
0.252251847226 0.377965190135 0.334395223912 0.3014179559 0.410591930544 0.325668931454 0.322129832574 0.387549352783 0.249459925608 
0.331095138711 0.402856479378 0.240123058931 0.469688348446 0.266677290714 -0.0997873366089 0.526255556489 0.105597170412 -0.28398323011 
0.683707567395 0.458123535394 0.0865810330461 0.328246604731 0.255704337984 0.214847790139 0.0305407503927 0.09466494893 0.293234050585 
0.428883689559 0.32731532241 0.0417447867473 0.485020969977 0.377589481417 0.0517767106654 0.455178049385 0.342925099761 0.0435450005826 
0.430379125507 0.0845799777624 -0.0538567563772 0.30930732181 0.23252410588 0.234833185937 0.303196905201 0.479223733557 0.527494673903 
0.169234446096 0.207569915737 0.345758132031 0.331282377044 0.217515677022 0.206474402585 0.728560390185 0.251042124825 -0.123331236408 
-0.249364756322 0.115525382631 0.533088398472 -0.185939985202 0.136353652856 0.503989729595 0.0244707874927 0.282499956431 0.502703863703 
0.254311622601 0.315277251185 0.302522690163 0.352029123467 0.432820126454 0.361438699867 0.274608715012 0.347040974011 0.326592700522 
-0.454996102893 -0.40984806931 -0.0626192672959 -0.415737962396 -0.418120343175 -0.147038226961 -0.276863062852 -0.349956124632 -0.22951377762 
0.279940205274 0.37785269079 0.32449626275 0.278139789057 0.394561711627 0.365462472028 0.250860937014 0.361834678285 0.336309309813 
0.0522971603518 0.352718766294 0.30461282824 -0.390527323349 -0.118378385578 0.149297807882 -0.654378203377 -0.390262879751 0.103608337193 
-0.431652106017 -0.366829924611 0.0768510375959 -0.449563238696 -0.369377385898 0.136843187313 -0.43152529655 -0.32834747844 0.14801087435 
-0.438118826751 -0.349564756105 -0.134553558208 -0.478845094256 -0.13481460853 0.188962722977 -0.396295181037 0.117292323678 0.462352507899 
-0.310653656863 -0.386602138404 -0.446486290236 -0.255318976097 -0.289640417211 -0.398477869414 -0.245098850361 -0.246834343411 -0.354709010184 
0.0964818975783 0.445695268276 0.580948305783 0.213369973261 0.324290710003 0.282955701848 0.3637163469 0.280614396258 0.112946348337 
-0.318044700951 -0.197950684064 0.109402046042 -0.502149046005 -0.359556403171 0.180269460256 -0.507029901393 -0.355701667547 0.223963702927 
0.207752914244 -0.0150092557914 -0.351071510612 0.0410784990348 -0.157314437406 -0.398018223539 -0.241392764096 -0.5243351795 -0.561525257413 
0.249678920724 0.305236321073 0.313422029296 0.301813254226 0.407541672118 0.400890825008 0.345931693926 0.357140098842 0.284859896822 
0.191090770614 0.082308385165 0.093149280042 0.0852860513181 0.171841934864 0.32510259427 0.341794933054 0.580481338687 0.593089740252 
0.233896459735 0.319132968842 0.281070725201 -0.000484036543927 0.324162767424 0.513054964242 -0.173506297801 0.23575570558 0.557183563341 
-0.274037610008 -0.387508003793 -0.375020831271 0.152851371975 -0.119812767531 -0.4072301827 0.532081372255 0.170980197111 -0.343802899967 
0.137515274539 0.211022612199 0.19006151998 0.297867926947 0.416902147218 0.333906990594 0.407295557309 0.496290626156 0.337957079807 
-0.0671529529356 -0.283818406025 -0.338039974523 0.289211831948 0.0936949987813 -0.186687321547 0.637024825576 0.513244673278 0.0645867891102 
0.491695611812 0.646200092478 0.528106264902 0.206907250042 0.100650719035 0.0434887543899 -0.0333018344444 -0.0439213526414 0.0624026623052 
0.0849084564159 -0.454665136725 -0.59075622439 0.192487434625 -0.202588647274 -0.43644476243 0.330502573155 0.231769063686 -0.0745036773 
0.0535353924868 -0.318808878053 -0.410050777024 -0.160241120264 -0.408379728941 -0.409962545685 -0.283949478217 -0.408262087156 -0.345727457401 
0.559430485063 0.0495671978568 -0.334061268022 0.266307377977 -0.241871077013 -0.42205532785 -0.0521027117645 -0.366911146408 -0.357901208895 
-0.249478116072 -0.409145653338 -0.389409853665 -0.137715330254 -0.394610012365 -0.42597560775 -0.0167175586524 -0.311743174194 -0.406348857458 
-0.392877309125 -0.329136031855 -0.0858950313482 -0.448253660015 -0.33361575698 -0.0693193144056 -0.476829951364 -0.397122160623 -0.166823675633 
0.288571914167 -0.111523625745 -0.341963720745 0.465087590784 -0.0384463396012 -0.427527211377 0.547152279991 0.212139441886 -0.205928822773 
-0.0602401572607 0.0768828402479 0.247234599245 0.188411126164 0.426520568535 0.488128844628 0.111240457216 0.377035409655 0.564904194537 
0.418080673499 0.481546055209 0.315307510004 0.463728102534 0.405288171012 0.168965268446 0.270868453174 0.111982274491 -0.0119103311141 
-0.344416634018 -0.126164663629 -0.027600563515 -0.425721429036 -0.343712871645 -0.219797756144 -0.416871461498 -0.458178575994 -0.36510288819 
0.18260516703 0.448907743731 0.504591572544 0.240362183251 0.439021506968 0.376632901857 0.233174949777 0.236397763713 0.0889037127423 
-0.61655671636 -0.601029364764 -0.00778187364379 -0.342006852926 -0.205060511545 0.173926637588 0.188516826215 0.151131412181 0.104463807248 
0.249052432866 0.252341815641 0.173170618938 0.51871560088 0.414909302459 0.110237600659 0.500423177721 0.363502799663 0.0915579372515 
0.458527847996 0.532908134753 0.382722475398 0.437976731065 0.348154949671 0.120584830666 0.140867020108 -0.029844472397 -0.104758017082 
-0.299030297212 -0.414929185566 -0.373676635055 -0.326290913797 -0.400350141788 -0.330584473673 -0.312183259668 -0.293970941877 -0.197157378137 
0.726055912769 0.408051071582 0.0119520992809 -0.114699864592 -0.303520493956 -0.151951605919 -0.256060628081 0.0021396384747 0.335041219555 
-0.0142235359805 -0.367753172425 -0.412430818377 0.200403859789 -0.304569568368 -0.446913565252 0.373893142982 -0.181461599088 -0.434828307652 
0.0566644752991 0.360753818749 0.519067028857 0.0957045277022 0.343040052522 0.428382871248 0.110414139641 0.336876861862 0.401485016065 
0.392585941196 -0.0855478750529 -0.359841893407 0.4691933161 -0.0641202070804 -0.384903053265 0.462982965014 -0.0295162392042 -0.34848685497 
