-0.359201245835 -0.350276323095 -0.284874560613 -0.387853317701 -0.356222505484 -0.265256232066 -0.382704706903 -0.336148081943 -0.244915257572 
0.358806866422 0.290237064273 0.279483142322 0.341993511392 0.295504326746 0.315070116924 0.35871147642 0.356818418472 0.386476904451 
-0.148784868061 0.164467159988 0.442070713355 -0.131500140521 0.248641382045 0.541956821763 -0.0695002573605 0.294172120952 0.539617973866 
-0.37811067742 -0.182680751809 0.262972398401 -0.36602944445 0.000716159993457 0.476164862946 -0.207526841013 0.192900624991 0.55992543393 
0.211746974514 0.364218791337 0.373559949287 0.261235304683 0.405884763544 0.384645076997 0.275612693403 0.367548912751 0.301609240793 
0.49121356796 0.349911768499 0.0140163857025 0.511247189891 0.315396451391 -0.040035183695 0.459491759478 0.238122601938 -0.0760792258937 
-0.270118685166 0.188059162761 0.550179916507 -0.344981907231 -0.22451350832 0.0962181922777 -0.269197212465 -0.485202768446 -0.320009482253 
0.430395084528 0.503773319272 0.354960354163 0.409740953725 0.384128914874 0.204793330164 0.235879393697 0.13930928864 0.0504629985334 
0.350299728348 0.351926101177 0.283669783477 0.256620995659 0.335292716766 0.361338926455 0.176519994606 0.353179109917 0.456326002211 
0.0617904569224 0.167856065458 0.268128587383 0.247778414411 0.379827333499 0.35585351738 0.445015401882 0.50207193744 0.337199838851 
-0.168942667627 -0.39668164284 -0.461571185071 -0.152619728233 -0.374477326755 -0.444583559457 -0.132427143411 -0.299845271436 -0.36390845586 
-0.0768078721995 0.386944515971 0.670114885382 -0.132716351275 0.221477074178 0.500206444874 -0.124954663448 0.0306540538522 0.248787021377 
0.336636985872 0.245978553817 0.0987586581331 0.532401431335 0.317340473784 -0.0139849003275 0.589040121598 0.272801562441 -0.103324842614 
0.361914833532 0.177341890013 -0.0719299428144 0.492381732534 0.344534143409 0.0252883812882 0.517599075089 0.433853806097 0.120302179154 
0.680618681471 0.341537593683 -0.120083988472 0.412921878603 -0.0173031969166 -0.314577030322 0.0888827304688 -0.220627986109 -0.281692534083 
-0.295763558053 -0.349747659974 -0.338224568612 -0.306867149687 -0.36314906397 -0.347813176283 -0.300738263118 -0.352506580255 -0.337759597075 
