-0.462341037738 -0.386630822007 -0.225735027827 -0.50209977378 -0.26272031308 -0.0731595860111 -0.487252186977 -0.124215321471 0.0804888746829 
0.201519876549 0.41454215334 0.447263109187 0.312775590745 0.425740145885 0.318968589058 0.342966767545 0.28443710507 0.0902517614747 
-0.355916001012 -0.296920421312 0.0794270014069 -0.184836727514 0.144088166226 0.463179688092 0.253860040809 0.470217479789 0.473120045564 
0.522166259193 0.474465483616 0.091124312664 0.444433528371 0.348216087102 0.00912975583198 0.317313049176 0.268189265252 0.0494899200556 
0.398074424499 -0.188646521479 -0.38260010827 0.394550996225 -0.214110923471 -0.38935815922 0.358087226813 -0.191221017079 -0.37637841057 
-0.168649127204 -0.331215659653 -0.370660685863 -0.279655190638 -0.377443937092 -0.368519014932 -0.332221831141 -0.379783479794 -0.336719857409 
-0.164134061749 -0.189747254528 -0.0193327318527 -0.186765894789 0.0522464028563 0.286939041502 0.282884392257 0.587208343916 0.626019022473 
-0.454485608021 -0.335010938821 0.00686314758228 -0.48796964501 -0.159581774152 0.26543596397 -0.511602538431 -0.262811907607 0.127746530312 
-0.241565242705 -0.455626340135 -0.294844226363 -0.468498308646 -0.337439215062 0.0674873270098 -0.195074721142 0.205689971476 0.478377271937 
0.119863162446 0.342987276255 0.448675995537 0.243952706697 0.480604625366 0.492253045807 0.211392737498 0.230048606848 0.190437287659 
0.82563058351 0.502432876482 0.0552280471879 0.147752612611 0.0100516557208 0.109821022271 0.142613280004 0.0120244963023 0.0914852098076 
-0.422361856485 -0.455117736718 -0.369226573667 -0.353269805218 -0.34036139107 -0.2934528163 -0.233247155576 -0.207292368687 -0.232412771391 
0.226930120319 0.152706464317 0.0507871297929 0.53027372659 0.383205162521 0.0676561425204 0.605628337117 0.349975431235 -0.0268675118478 
0.0589280640802 0.139839682918 0.263364371615 0.245916396174 0.370333135249 0.353956061869 0.490801888991 0.50706193596 0.294460276213 
0.684903104314 0.292706582912 -0.173848013101 0.162042346417 0.0895393762016 0.0611596064937 0.246532784945 0.417555940607 0.376643817663 
0.365888171594 0.329050729061 0.202399838199 -0.136161772344 0.0180719990476 0.417839613 -0.490520424686 -0.223430550947 0.482594761027 
-0.426827339443 -0.320319686559 -0.0603421456592 -0.43277393729 -0.382718109461 -0.128519209064 -0.392979395287 -0.398794350891 -0.218675987563 
-0.146261880381 0.426048969669 0.752052269877 -0.145040186496 0.206948278966 0.408536559126 -0.0271291482818 0.00013923501063 0.00217832120688 
0.334187519385 0.0844120480428 -0.205573004698 -0.0985293727795 -0.286029950566 -0.304153229215 -0.295064302118 -0.562039465984 -0.501947594179 
0.127098663836 0.0165764539731 0.14085034219 0.468911214452 0.359089186944 0.26853307668 0.372605855996 0.446740388409 0.452092301285 
-0.360287735855 -0.354989007065 -0.309751327949 -0.357109973803 -0.34014492212 -0.296393864332 -0.343807495729 -0.331603387404 -0.298311652783 
0.398074874855 -0.14500990366 -0.555598698213 0.313284107537 -0.0938815821365 -0.442326090136 0.380476899439 0.220481207157 -0.125820988561 
-0.244728269839 -0.3709093969 -0.349391845718 0.188933146297 -0.0251940745709 -0.321515582295 0.61885657758 0.317886727068 -0.238162658068 
-0.435180167359 -0.162700162582 0.33725708921 -0.461945506166 -0.218156104946 0.32262556637 -0.430970026779 -0.235527521714 0.253225520981 
0.437370581704 0.303242754727 -0.00360311789385 0.442416954267 0.389263591325 0.0957602220769 0.390172466802 0.41533035138 0.188613477233 
0.322016134717 0.455415821662 0.351274868485 0.220285438471 0.434996482017 0.41179017121 0.0717404111215 0.222183292632 0.321989354085 
0.334118330319 0.0357745266506 -0.272958874519 0.494827217562 0.234714378966 -0.175316163604 0.557652442429 0.413202041833 -0.0136319966398 
0.0461694905772 0.226295896138 0.351414068803 0.148033504231 0.362900440257 0.461442020968 0.251858815811 0.438977549995 0.447764624158 
0.643543846726 0.390663238408 -0.0676875207728 0.510170373697 0.239275943934 -0.121381291865 0.276669524573 0.0797426934389 -0.11613277955 
0.0721076632745 0.449532593755 0.513159886931 -0.0820370291223 -0.0839306985621 -0.0986415201047 -0.345071036533 -0.493122764451 -0.378997619548 
-0.156839898002 -0.264075901668 -0.0398188475153 0.349114402881 -0.0952018547467 -0.334843077575 0.652599925712 -0.00373760540101 -0.484886425008 
0.425138474247 0.347006828165 0.0364174868193 0.525244645791 0.261183525022 -0.142038127355 0.509918646552 0.117884858989 -0.243577170929 
0.237564790667 0.340491217678 0.345053150033 0.293817040342 0.394787644341 0.369716872458 0.334107490791 0.380253000232 0.271054536734 
0.527641930872 0.289316172305 -0.0836081629954 0.527465673978 0.244150343341 -0.122208422675 0.473857139816 0.188726363175 -0.134079324454 
0.629909506478 0.0713792822008 -0.40714856294 -0.0623395902639 -0.331904467324 -0.324942167378 -0.377334542311 -0.257839264215 0.0620677399414 
-0.536985376136 -0.177545011946 0.30349303112 -0.54209564474 -0.186271550007 0.284194717642 -0.364418580683 -0.203227450916 0.0676959373532 
0.416194289093 0.390132410042 0.10402452903 0.447448219199 0.384653964711 0.0702207660215 0.438514565515 0.342433905419 0.0332019963095 
0.248562973137 -0.18391938638 -0.34077680106 0.489389685679 0.0180079310728 -0.301083978398 0.612274461621 0.235476779171 -0.165691996178 
0.222280670268 0.185116948471 0.123489391588 0.298549688076 0.28687535082 0.214379956739 0.464723548743 0.549331378876 0.407372433524 
0.537877046879 0.413889336682 0.150774114563 0.34466292694 0.336633345516 0.242591599649 0.252945533589 0.295469692642 0.272767404259 
-0.504615251697 -0.560457596701 -0.380422694361 -0.175406138747 -0.181361860315 -0.220938865586 0.285518996696 0.304135951813 0.00600905957914 
0.155963795775 0.18188847084 0.169146985716 0.379166300731 0.4496635222 0.331767976071 0.368735271577 0.443066264347 0.354504448414 
-0.141621636244 0.153095528038 0.405114007496 -0.0328421211079 0.322083331277 0.505831052475 0.109336250305 0.420296198558 0.493054836064 
-0.072088607566 -0.248880685313 -0.129272012662 0.0845875210445 -0.0694133252281 -0.075138308651 0.648117930438 0.631812597904 0.281580094097 
-0.0160835941525 0.0415427621504 0.12376627421 0.0965061083944 0.288085316331 0.389550429722 0.299229595024 0.546549885969 0.591934271816 
0.302309069402 0.513160320974 0.537274192641 0.23354261 0.345616366626 0.382360765457 0.187003390541 -0.0328456431031 -0.0192476124906 
0.146978977822 -0.0501664943875 -0.0184652151767 -0.34106559116 -0.464150440075 0.0122736781223 -0.580943870643 -0.447200956854 0.325796025804 
0.0179671924709 0.0648956735266 0.342180853828 0.410573579263 -0.467567586792 -0.324603576392 -0.0598183720185 -0.0510683888689 0.616144611954 
-0.223555922786 0.130310755195 0.511341381691 -0.244141988549 0.139091021382 0.538743129082 -0.224686382058 0.122573145618 0.486690784373 
0.495903416608 0.597490042771 0.441845418202 0.334685247825 0.251708752262 0.117709481973 0.0502730784577 0.0399995267699 0.0922155020456 
0.330695910626 0.266936509058 0.165526206883 0.1556701024 0.476851182712 0.612636708684 0.0479507303931 0.201001399076 0.349773336069 
-0.227967762472 -0.114520764162 0.358674440425 0.423250908046 0.117259306354 -0.0192374273278 0.423329241896 0.424563000034 0.503533312598 
-0.246570209847 0.0996910474697 0.462553961366 -0.0764595482165 0.397538152297 0.630470657761 -0.0113980315387 0.195990450116 0.339691908193 
-0.434156536896 -0.372634198546 0.0671497615302 -0.377192606169 -0.41993171878 -0.191418636854 -0.19813231995 -0.385458087604 -0.353624668882 
0.493033443078 0.356832426342 0.131667470412 0.262887692458 0.267936253063 0.28725800934 -0.0599364165255 0.238644436665 0.572967574208 
0.544114087713 0.530084671608 0.360867173135 -0.21853925489 -0.345978599309 0.213713351162 0.171991577882 -0.0936276485367 0.20308557513 
-0.300564105658 -0.416222873215 -0.392667255721 -0.177055543368 -0.367661358522 -0.421338329708 -0.0129329160567 -0.262146237839 -0.411454403412 
0.0275542993923 -0.307519864744 -0.436839705282 0.10752416541 -0.318494799798 -0.4979482855 0.0420858935276 -0.34429210271 -0.482267780555 
-0.0545808179778 -0.500740880164 -0.508277690916 -0.0743795627259 -0.432867062598 -0.425782035283 -0.105249659235 -0.238286593744 -0.214193248793 
-0.184442297537 -0.184848866481 -0.259448568188 -0.135475437867 -0.307252716671 -0.441238082207 -0.212408161366 -0.474075173948 -0.535896451733 
-0.47284656944 -0.372087579298 -0.27951642546 -0.0818991951957 0.0262251088829 -0.130141378355 -0.355487582406 -0.448769096471 -0.455785461524 
0.277862694081 0.395451940851 0.339871771599 0.332918260384 0.420824564289 0.298801413741 0.344837844715 0.353619899865 0.172414979043 
0.391878826396 0.476507584787 0.453389962479 0.297720117404 0.183146935614 0.168704165614 0.16904380746 0.278576304686 0.39621625255 
0.183448228812 0.368309233736 0.379959885632 0.208521527419 0.391208200542 0.395154527158 0.219196298114 0.385044740317 0.370603410597 
0.662078996892 0.378585367019 -0.0557385612499 0.323295429793 -0.0943487457478 -0.329562907861 -0.115820101754 -0.322963693765 -0.274708136202 
-0.363433171284 -0.368790615478 -0.275003364677 -0.442139388864 -0.385994456018 -0.191999876661 -0.423420311582 -0.297549890612 -0.0843762513904 
-0.0948767879563 -0.30005692259 -0.391093534714 0.0736091774334 -0.28101761954 -0.508266336915 0.150082832343 -0.283456865429 -0.549921404893 
0.512401255597 0.20650195321 -0.148856673722 0.549800527509 0.233623962879 -0.140257331845 0.48834013972 0.205361491711 -0.124343305872 
0.369648962281 0.346112972941 0.154774738539 0.278915816924 0.369801478265 0.304545434772 0.197631730027 0.404471134433 0.457886391537 
0.242954165448 -0.0941016871843 -0.427074602241 0.000914171517651 -0.301511077797 -0.488165135913 -0.144162052247 -0.397486498796 -0.491662740488 
-0.0693491228495 -0.392966435894 -0.416144432639 0.15557793629 -0.310308172512 -0.450381060107 0.395815872043 -0.121613598047 -0.415683850207 
0.259214578893 -0.020363958862 -0.235571038259 0.291155416655 0.274584430726 0.112472142978 0.354902984972 0.59661081421 0.471360515569 
0.355938423856 0.478125788036 0.417714476286 0.162371948232 0.32261487205 0.383020138437 0.28139607626 0.280743177063 0.187265241433 
0.00618025659541 0.342667525387 0.486557283224 0.0172793281961 0.35215524074 0.484242902823 0.0142308163775 0.315691306519 0.432592402582 
-0.333600496343 -0.339273377067 -0.321511373616 -0.334468929704 -0.344017277168 -0.328712962226 -0.325029744093 -0.342908864512 -0.329748894948 
0.0701514023051 0.12417152258 0.228791822437 0.36535807992 0.29730873148 0.157067062047 0.718016869033 0.406397368224 -0.00764200548563 
-0.0187685512134 -0.0359175152624 0.218041819928 0.0514818133719 0.297609192649 0.556347191734 0.431778423235 0.477075597049 0.368833159936 
-0.279750730478 -0.327176856928 -0.343667669798 -0.276536315124 -0.355121333704 -0.379056554429 -0.280591992145 -0.359040589913 -0.377727398891 
-0.319044292181 -0.319649911221 -0.326777117236 -0.326656419421 -0.339358444546 -0.345626921103 -0.330302558435 -0.34323887932 -0.347867995545 
-0.281828448853 -0.0972447167484 -0.0678858535515 -0.463555823649 -0.290920549413 -0.141425112931 -0.558821071682 -0.462020173358 -0.247475736885 
-0.321783702205 -0.457851109862 -0.634983465368 -0.253681475222 -0.0265272166136 -0.222239136129 -0.351561907536 0.153404799223 0.14848092109 
0.458620189814 0.255101093994 0.116820806652 0.561400999055 0.325134736948 0.0783986673421 0.460599248976 0.257554459318 0.073673976735 
0.243143480199 0.360766028895 0.364124084874 0.568962375843 0.438735403076 0.137441249288 0.348786359424 0.146212803883 0.00395305750449 
0.364517372413 0.500233623109 0.433187851293 0.363389300697 0.422063219525 0.288191614403 0.166388248207 0.0905945994968 0.0102815691304 
-0.0475606208636 0.372889359985 0.397776530383 -0.229400539752 0.283670240819 0.466789327438 -0.31295396468 0.188185463789 0.46489321598 
-0.376285007097 0.164189672758 0.532764303391 0.16003590823 0.434982218835 0.189046457711 0.375941185613 0.39222723267 -0.0433587239119 
0.616801379372 0.183110382333 -0.261793760236 0.479204368488 -0.000122457256094 -0.330973847347 0.237937643165 -0.15430822911 -0.312865454118 
-0.210356896763 -0.434647945714 -0.371509051677 -0.423279021528 -0.391995290158 -0.0188335947913 -0.410451668207 -0.133742458679 0.330566793161 
0.0442883444104 0.380242020041 0.657428360453 -0.00997259464696 0.0435270458765 0.252245634267 -0.305902841706 -0.00784218665274 0.511842294842 
0.182956722539 0.341318163653 0.430820151839 0.244950852753 0.137859801333 0.113618293607 0.581917123569 0.443226960815 0.193467584835 
0.644174924839 0.490093723557 0.0246446594205 0.246389475613 -0.186039290003 -0.391180633407 -0.157238837938 -0.259034518608 -0.0638422747337 
0.330227011687 0.406492631179 0.220857491176 0.360539128816 0.422420590256 0.215828582448 0.355408532596 0.398450074942 0.191959754627 
-0.354160662189 -0.358344220449 -0.337938167972 -0.348545542587 -0.341239256911 -0.321037713197 -0.330738338912 -0.309758914834 -0.292618465757 
-0.264277093279 -0.278434712452 -0.332168938494 -0.301442900604 -0.355743486266 -0.396253969411 -0.33360197918 -0.356043807712 -0.360277105889 
0.127271575312 0.482832538662 0.589874650399 0.180526831973 0.374550030622 0.409274311744 -0.0255697845384 0.0721455011505 0.23765662324 
-0.404744972512 -0.315961434545 -0.225541480762 -0.425656621704 -0.334389732297 -0.242069493307 -0.429689141824 -0.324252040555 -0.2100263862 
0.434862570903 0.295353499513 -0.0483965461041 0.504734357198 0.176475748036 -0.249517218642 0.50105890981 0.050893176517 -0.34570099679 
0.192443175593 0.149934246049 0.139062733066 0.164420290767 0.318771141796 0.358739553124 0.350319878341 0.553474297776 0.48450587923 
0.195646422093 0.0652125881215 0.0844734477681 -0.111092196288 0.018330367457 0.396682270439 -0.0374396836077 0.395834538963 0.788804803625 
-0.0510296055168 0.142135658981 0.256882958466 -0.137075777243 0.253936563623 0.520532852995 -0.135531065384 0.340650203436 0.650050267728 
-0.519864347123 -0.301657859665 0.0230268470537 -0.364924137662 -0.345491517249 -0.187740299804 -0.122954270798 -0.373527203686 -0.442484577243 
-0.0386526612776 -0.364834182741 -0.653224401804 -0.100784756055 -0.237567979869 -0.481114294323 -0.168420541914 -0.151850918763 -0.298678112666 
0.132239216559 0.277392700233 0.309171741911 0.246197525463 0.402606086399 0.391601237812 0.328496693929 0.448366655271 0.353524774489 
-0.477044758553 0.0824723726816 0.364893117674 -0.221975541761 -0.108245076674 -0.168583304646 0.101945471564 -0.326327567831 -0.652829678926 
-0.353438991807 -0.0670687188757 0.420189604138 -0.355286808852 -0.0188622978332 0.468977489997 -0.246373622355 0.118105991485 0.52235044427 
0.477390021017 0.577210743337 0.447644074063 0.213465916094 0.182522277546 0.155387690952 0.0713922050967 0.19339967333 0.304981334413 
-0.320288317412 -0.202611470532 0.110592733116 -0.355110297921 0.0151028595612 0.437469553578 -0.245709504864 0.257938264844 0.632073487425 
0.369954957546 0.345238202333 0.207589311004 0.503407869271 0.0679202810641 -0.246818112925 0.35363415391 -0.225227382479 -0.453998099195 
0.276466426228 -0.104873613683 -0.392670570778 -0.0178540427235 -0.348893729032 -0.451846977699 -0.286210934489 -0.439794789545 -0.396017947799 
0.375852996069 0.496981528982 0.434045570621 0.438775704755 0.364577522266 0.131429608307 0.0288837452044 -0.176234480352 -0.220773264358 
0.449193560037 0.503061534252 0.311591051774 0.492118863595 0.327700511262 0.00361578209678 0.249547579377 -0.0183798260508 -0.189398436069 
0.241150431261 0.177956430606 0.0406859620599 0.45774422557 0.464695411171 0.180445984856 0.508024468085 0.427326352281 0.0989626425303 
0.201347455566 0.407242357618 0.427593979476 0.164634550378 0.378507144941 0.431951417211 0.116350558823 0.309817809693 0.37986511355 
-0.095670607107 0.186478003294 0.450287968157 -0.0439029214926 0.283052622042 0.528076217597 0.0539968394292 0.354309813629 0.513762578728 
-0.179583542878 -0.304559361405 -0.296772312661 -0.341023795608 -0.376953659437 -0.192779433589 -0.486730000657 -0.479725866003 -0.15595300685 
0.435294155764 0.43188931487 0.168997146119 0.469503813996 0.374341922059 0.063552510645 0.419194033796 0.228516741851 -0.0536881309853 
0.412915260772 -0.0547902876309 -0.428984569862 0.408785304197 -0.0946121183323 -0.469499540128 0.223307895468 -0.176811731881 -0.406024321772 
0.213422865862 0.34851208265 0.38959953586 0.2414827141 0.355350239682 0.403420855486 0.179127778454 0.334706026767 0.435604458393 
0.495234922704 0.241167946566 0.0403918150186 0.624022776829 0.308754503748 0.0448567556568 0.322931678093 0.239670413378 0.215583441582 
-0.421839282467 -0.403479688149 -0.0414622590382 -0.44447629619 -0.392045753624 0.0509491281325 -0.426225533669 -0.3337547837 0.103059771175 
0.197196563188 -0.61050548732 -0.500037717668 0.159966976879 -0.386888006253 -0.101578806905 -0.150192530222 -0.152563931359 0.327009602239 
0.604494015242 0.0746695236463 -0.233966928683 0.564556498021 0.151878274978 -0.106212257118 0.429682283259 0.190851391925 0.0121536941332 
0.169428752873 -0.326077034068 -0.472511349651 -0.346278110649 -0.455802397162 -0.291719544133 -0.411313049438 -0.190134750507 0.153643725591 
0.469568635027 0.0315737478339 -0.273753190197 0.526788372652 0.0463456318801 -0.289261343385 0.513620780315 0.0579864345231 -0.270319850935 
0.335093685467 0.36415712139 0.169545268569 0.418565620592 0.423676610299 0.158892173484 0.436176128413 0.382726294318 0.0983941654586 
0.69713858718 0.369532232985 -0.0580747613057 0.525657317243 0.20823819868 -0.0662357530657 0.218050704749 0.043090630988 0.0245395860499 
0.120625412288 0.264550397571 0.400318223601 0.184057437665 0.326438629998 0.440020331149 0.193225815008 0.371592888411 0.495714852779 
0.34981288497 0.357758349875 0.276676077306 0.364886500241 0.364831623408 0.280223222402 0.344972047719 0.354736621267 0.288924119458 
