-0.333310384993 -0.379290070705 -0.311971669983 -0.457684366685 -0.348126427591 -0.149710495287 -0.481195534426 -0.251117485265 0.00524894249088 
-0.0204261108965 0.18614739232 0.380912691627 0.0562133955161 0.363788992592 0.532752559275 0.202062540517 0.403306358187 0.443874406189 
0.0767082721255 0.161627728589 0.30087699199 -0.167363674485 0.0854798957646 0.485176409376 -0.23192215408 0.212729192553 0.712537857788 
0.511741314651 0.306395513774 -0.0491032353572 0.53680980362 0.268540147158 -0.108893797441 0.465677511217 0.189617975422 -0.129940494922 
0.386198014288 0.496914779684 0.402822302547 0.363890755751 0.390834572803 0.272039119971 0.217536554649 0.158864915697 0.0996360667665 
0.220752733114 0.314661992217 0.372030147749 0.256107526639 0.264983183297 0.268085653407 0.436418958228 0.451223734983 0.334825617801 
-0.535975650771 -0.0569505530647 0.607726727123 -0.398102636688 -0.144626361428 0.323397544697 -0.121482289945 -0.196498043354 -0.0528873135987 
-0.339929735472 -0.362459496788 -0.334391391292 -0.319545286786 -0.352229076968 -0.342181080338 -0.287058044164 -0.322060021297 -0.334463604616 
0.10336945134 -0.137375809669 -0.198841512223 0.0350737888827 0.119572399445 0.195418415271 0.230091779437 0.612715187349 0.66994513379 
-0.197223127842 -0.360904063215 -0.25694976368 -0.370170378192 -0.514484787152 -0.298148562074 -0.209594988256 -0.401657158329 -0.262595338566 
0.329144275612 0.587147499645 0.571782104477 0.219705537058 0.284631416196 0.277308176427 -0.0392229580171 -0.103083776963 0.0404597104656 
-0.263736842958 0.0812579189019 0.452640133033 -0.295740949066 0.110801991496 0.530531049842 -0.259868419123 0.121029306085 0.50554353417 
-0.122441704502 0.114475271331 0.342793246583 -0.0445924932134 0.295035955264 0.51543307492 0.0909112605057 0.42238058623 0.55948195178 
0.419988965485 -0.103852185157 -0.397806617888 0.2546927428 -0.282692975688 -0.450238672566 0.0624071682341 -0.355760756491 -0.420255806331 
-0.293543330792 -0.348531176757 -0.349439265055 -0.289416000862 -0.35180862311 -0.358679619508 -0.293116969376 -0.350605725531 -0.353873707702 
0.339523386658 0.428729675852 0.301827728481 0.394108846276 0.426088514116 0.216469326209 0.364169878362 0.297773886056 0.0692357999098 
0.167834855152 0.178927581674 0.208699563873 0.440163928493 0.451450338914 0.281883543928 0.463726785338 0.401237788083 0.207885918564 
0.522013361 0.280504563038 -0.0738286271416 0.556654870504 0.318317072163 -0.0469096113771 0.384965741545 0.278607480228 0.0644741012973 
0.267673732721 0.272227426798 0.197553321054 0.30279166937 0.368725188849 0.312460172889 0.357835889794 0.460955798797 0.38654429786 
0.114981423748 -0.24060441128 -0.44189269102 -0.0921334326065 -0.39571185706 -0.463420653604 -0.259331909157 -0.410281347886 -0.343803243367 
-0.444894793736 -0.300038383661 0.142101615375 -0.47839712573 -0.326724361086 0.175969109221 -0.453852670417 -0.313337629027 0.145300585349 
0.202426506854 0.350166769894 0.350614511334 0.239773523564 0.395423244838 0.386648089098 0.258653607905 0.39686447265 0.354577887818 
0.0593580017636 -0.272912744931 -0.36979689858 0.358726608179 -0.0975444385733 -0.41273079706 0.580237624561 0.0992232630967 -0.360802093164 
-0.579630246233 -0.382961963555 -0.0535512916351 -0.53336208616 -0.198082691398 0.116071234812 -0.340193766693 0.0295857258351 0.246393299586 
-0.301091089452 -0.102346030431 -0.076643377082 -0.348152793844 -0.325976611636 -0.319295256593 -0.357502000967 -0.467962621582 -0.465594203879 
0.293307335981 0.252201575397 0.270716543164 0.425414578567 0.426474253515 0.362799460708 0.35784661781 0.29338976247 0.261657542267 
0.513022464295 0.331338417084 -0.00366678705838 0.355654135824 0.349724681534 0.14092943571 0.273158480831 0.42414075645 0.322242298872 
0.117799029343 0.229489857052 0.254441924787 0.361996633611 0.445851303137 0.291378065112 0.513955402887 0.422481840992 0.106535979365 
0.719891314428 0.309763266266 -0.246846865764 0.014514523897 -0.114411133468 -0.109678584166 -0.450479626533 -0.172878088467 0.258304357421 
0.587617822053 0.211669468837 -0.175523024388 0.520491963988 0.00837017189489 -0.344865562851 0.308224902479 -0.102255076493 -0.289344270908 
-0.316832319283 -0.345619546446 -0.329154299489 -0.326622161962 -0.353166042337 -0.331594771822 -0.321759550334 -0.348428857737 -0.324848576602 
0.0585730090041 0.351543967861 0.485448461436 0.0653512063407 0.355862784101 0.485000819642 0.0713360976585 0.312607078119 0.410339995755 
